13606749171875859431
09407980404772529572
13545313810511926567
12671554596316694029
12896076029633572446
09913651611532321794
12920471711838942862
11162316282344935157
10962955545098199199
09514060133675285551
09541917088486326996
12184893536214483872
09799017608833067765
11576012374417508300
09958392747079237992
12115908207048252303
09506743178880026045
10889558787313590384
09674445400899232398
13478426102489394034
09235222880723795948
13289891271687531868
13692764311355136353
10813047827447114416
13277740661403642033
13150290166834171699
13264163219445866466
12381523522207184684
13644850507036973921
12832908095980774622
